sigma =  146.16087
0 0.5 87164.39934577886 54029.68104461976
1 0.5 54029.67536670063 47060.01570841856
2 0.5 47060.01570841856 45357.821729609976
3 0.5 45357.821729609976 44573.59627086134
4 0.25 44573.59627086134 28864.938767317915
5 0.25 28864.938767317915 28807.6664224696
6 0.25 28807.6664224696 28785.282151667518
7 0.25 28785.282151667518 28771.075055558584
0) rho=1.00e+00, tau=2.00e-07, Terms:  7.23e+03 2.93e+03 3.79e-19 1.02e+04
0 1.0 26168.512218218646 26103.365992498933
1 0.5 26103.365992498933 25477.339480449038
2 0.5 25477.341192890424 25305.447401071608
3 0.5 25305.447401071608 25240.289758085448
4 0.25 25240.289758085448 23577.493257598486
5 0.25 23577.493257598486 23568.463957299187
6 0.25 23568.463957299187 23563.675644472707
7 0.25 23563.675644472707 23560.102893644478
1) rho=1.00e+00, tau=2.00e-07, Terms:  5.47e+03 4.08e+02 7.77e-19 5.87e+03
0 1.0 18986.31259466574 17760.76911827945
1 0.5 17760.76911827945 17519.878973246145
2 0.5 17519.878973246145 17469.354134687223
3 0.5 17469.352768301556 17449.200695348438
4 0.5 17449.199335759564 17440.26406545489
5 0.5 17440.26406545489 17436.992993187625
6 0.5 17436.99434755143 17436.767418771225
7 0.25 17436.767418771225 17417.395001899975
2) rho=1.00e+00, tau=2.00e-07, Terms:  3.93e+03 1.64e+02 1.11e-18 4.09e+03
0 1.0 12770.648526587378 12183.5200009814
1 0.5 12183.5200009814 11869.46264573891
2 0.5 11869.46264573891 11821.679852371366
3 0.5 11821.679852371366 11809.087616993289
4 0.5 11809.0887750556 11807.025871375285
5 0.25 11807.025871375285 11776.398075609992
6 0.25 11776.398075609992 11775.696786714747
7 0.25 11775.696786714747 11775.372569242201
3) rho=1.00e+00, tau=2.00e-07, Terms:  2.82e+03 2.58e+02 1.38e-18 3.08e+03
0 1.0 8639.08625791929 8426.418889549153
1 0.5 8426.418889549153 8106.606667656713
2 0.5 8106.606667656713 8051.04036077045
3 0.5 8051.04036077045 8033.087484590826
4 0.5 8033.087484590826 8025.838939284906
5 0.5 8025.838939284906 8023.047644503589
6 0.5 8023.048653096077 8022.823990767676
7 0.25 8022.823990767676 8009.087074223324
4) rho=1.00e+00, tau=4.00e-07, Terms:  2.16e+03 2.79e+02 1.56e-18 2.44e+03
0 0.5 87164.39934577886 54029.678373384406
1 0.5 54029.678373384406 33978.31556068396
2 0.5 33978.31556068396 29727.306289116153
3 0.5 29727.306289116153 28943.962525937415
4 0.5 28943.962525937415 28793.827716410626
5 0.5 28793.825918390008 28757.396378727688
6 0.5 28757.396378727688 28746.924114127352
7 0.5 28746.924114127352 28744.213611338404
0) rho=1.00e+00, tau=2.00e-07, Terms:  6.97e+03 2.97e+03 3.87e-19 9.94e+03
0 0.5 25812.087239072192 24424.258688259055
1 0.5 24424.258688259055 23550.418614443566
2 0.5 23550.418614443566 23397.2465251112
3 0.5 23397.2465251112 23341.867986881174
4 0.5 23341.869554495963 23325.26758727536
5 0.5 23325.26758727536 23320.060140850197
6 0.5 23320.060140850197 23318.932758909068
7 0.5 23318.932758909068 23318.6688568003
1) rho=1.00e+00, tau=2.00e-07, Terms:  5.37e+03 3.95e+02 7.82e-19 5.77e+03
0 1.0 18497.138229534292 17336.640126012906
1 0.5 17336.640126012906 17088.772639665927
2 0.5 17088.772639665927 17042.886918568052
3 0.5 17042.886918568052 17030.123335267184
4 0.5 17030.123335267184 17026.190853769484
5 0.5 17026.190853769484 17025.214555896993
6 0.5 17025.214555896993 17024.992765477975
7 0.5 17024.99409961392 17024.940330468467
2) rho=1.00e+00, tau=2.00e-07, Terms:  3.82e+03 1.55e+02 1.12e-18 3.98e+03
0 1.0 12454.362948894297 11901.11065849493
1 0.5 11901.11065849493 11589.740031368885
2 0.5 11589.740031368885 11528.567360059154
3 0.5 11528.567360059154 11506.031615670625
4 0.5 11506.032740978088 11498.32010939464
5 0.5 11498.321236185817 11495.866818585288
6 0.5 11495.867949575448 11495.198630184954
7 0.5 11495.198630184954 11494.982883082412
3) rho=1.00e+00, tau=2.00e-07, Terms:  2.75e+03 2.55e+02 1.38e-18 3.00e+03
0 1.0 8408.839224645024 8223.261191022146
1 0.5 8223.261191022146 7919.442268047715
2 0.5 7919.442268047715 7866.169531789143
3 0.5 7866.169531789143 7832.174907091161
4 0.5 7832.174907091161 7819.16509412587
5 0.5 7819.16509412587 7813.67732366416
6 0.5 7813.676331905212 7811.712728446524
7 0.5 7811.712728446524 7810.889834810776
4) rho=1.00e+00, tau=4.00e-07, Terms:  2.12e+03 2.78e+02 1.56e-18 2.40e+03