1 [1.e-06 1.e-07]
max data =  276.12234
[2.5796688e+06 4.0668468e+00 6.5055605e+03 7.7870371e+03 7.5786835e-09
 1.3913900e-14 2.5939652e+06]
reg1e-06noiseTruemaxint0.01prbshift8ntheta384poisson44500
[1.7071729e+03 5.6859303e+00 5.0148249e+00 6.8397555e+00 4.5344922e-11
 1.1298345e-17 1.7247133e+03]
reg1e-06noiseTruemaxint0.01prbshift8ntheta384gaussian44500
[2.5651048e+06 3.3502498e+00 4.0940588e+03 4.2262109e+03 3.7832792e-10
 1.4923103e-16 2.5734282e+06]
reg1e-07noiseTruemaxint0.01prbshift8ntheta384poisson44500
[1.6106338e+03 5.2744713e+00 3.0744095e+00 3.0443685e+00 4.7023073e-13
 4.6665753e-20 1.6220271e+03]
reg1e-07noiseTruemaxint0.01prbshift8ntheta384gaussian44500
max data =  276.12204
[ 2.5772312e+06  4.2836266e+00  3.1426404e+02  2.9897723e+02
 -6.6453087e-10  3.4833955e-16  2.5778488e+06]
reg1e-06noiseFalsemaxint0.01prbshift8ntheta384poisson44500
[5.3263525e+02 3.2924371e+00 5.3524155e+01 5.6816010e+01 5.8751343e-10
 4.5857553e-17 6.4626788e+02]
reg1e-06noiseFalsemaxint0.01prbshift8ntheta384gaussian44500
[ 2.5658492e+06  3.0812600e+00  4.2981491e+00  4.7076268e+00
 -2.0669469e-12  1.0089701e-18  2.5658612e+06]
reg1e-07noiseFalsemaxint0.01prbshift8ntheta384poisson44500
[ 1.5066835e+02  1.4085565e+00  2.7781086e+00  3.4077604e+00
 -6.7794429e-12  2.1050293e-18  1.5826277e+02]
reg1e-07noiseFalsemaxint0.01prbshift8ntheta384gaussian44500
max data =  2761.2239
[2.5781625e+06 4.2796402e+00 1.0193151e+03 9.8553644e+02 5.8994409e-10
 1.4327928e-15 2.5801715e+06]
reg1e-06noiseTruemaxint0.1prbshift8ntheta384poisson44500
[ 9.3790912e+02  3.0845394e+00  3.7773685e+00  1.0533938e+01
 -1.7449542e-09  1.0304539e-16  9.5530493e+02]
reg1e-06noiseTruemaxint0.1prbshift8ntheta384gaussian44500
[2.5662572e+06 3.0884972e+00 5.9170605e+02 4.9648486e+02 2.6706254e-10
 1.1466431e-16 2.5673485e+06]
reg1e-07noiseTruemaxint0.1prbshift8ntheta384poisson44500
[ 7.5681183e+02  2.6334901e+00  1.5383685e-01  8.4617180e-01
 -1.0372033e-11  6.8867863e-19  7.6044531e+02]
reg1e-07noiseTruemaxint0.1prbshift8ntheta384gaussian44500
max data =  2761.2234
[ 2.5770035e+06  4.3039570e+00  1.4066879e+02  1.3838141e+02
 -3.9128684e-10  3.0398345e-16  2.5772870e+06]
reg1e-06noiseFalsemaxint0.1prbshift8ntheta384poisson44500
[5.2811981e+02 3.3013620e+00 5.3921024e+01 5.6925335e+01 3.4912542e-10
 1.2548535e-16 6.4226752e+02]
reg1e-06noiseFalsemaxint0.1prbshift8ntheta384gaussian44500
[2.5654182e+06 3.0673234e+00 4.2875657e+00 5.3988757e+00 3.3592961e-14
 8.3823454e-19 2.5654310e+06]
reg1e-07noiseFalsemaxint0.1prbshift8ntheta384poisson44500
[ 1.4927368e+02  1.4103535e+00  2.1328290e+00  2.9300439e+00
 -6.1931987e-12  1.8413526e-18  1.5574690e+02]
reg1e-07noiseFalsemaxint0.1prbshift8ntheta384gaussian44500
max data =  27612.203
[ 2.5798035e+06  4.3232279e+00  3.0822192e+02  3.1665521e+02
 -3.6319436e-10  5.1725592e-16  2.5804328e+06]
reg1e-06noiseTruemaxint1.0prbshift8ntheta384poisson44500
[ 6.4539667e+02  3.2315814e+00  5.0816317e+00  9.5350962e+00
 -8.4716026e-11  5.5145981e-17  6.6324493e+02]
reg1e-06noiseTruemaxint1.0prbshift8ntheta384gaussian44500
[2.5662465e+06 3.0756271e+00 2.7031090e+01 2.6033361e+01 4.0884921e-12
 3.2170413e-18 2.5663025e+06]
reg1e-07noiseTruemaxint1.0prbshift8ntheta384poisson44500
[ 3.5956552e+02  2.7418861e+00  1.5264463e+00  2.4416928e+00
 -1.6461608e-11  4.1344421e-19  3.6627557e+02]
reg1e-07noiseTruemaxint1.0prbshift8ntheta384gaussian44500
max data =  27612.172
[ 2.5764595e+06  4.2850137e+00  2.7645288e+02  2.7881537e+02
 -3.3226907e-10  4.1257111e-16  2.5770190e+06]
reg1e-06noiseFalsemaxint1.0prbshift8ntheta384poisson44500
[5.2378003e+02 3.3127322e+00 5.8251709e+01 5.5240990e+01 2.2787788e-10
 5.0258975e-16 6.4058545e+02]
reg1e-06noiseFalsemaxint1.0prbshift8ntheta384gaussian44500
[ 2.5651162e+06  3.0517707e+00  7.5214930e+00  8.8446617e+00
 -3.7956676e-11  6.7101714e-18  2.5651358e+06]
reg1e-07noiseFalsemaxint1.0prbshift8ntheta384poisson44500
[ 1.5029231e+02  1.4106123e+00  2.7144632e+00  3.2197354e+00
 -8.3542999e-12  1.6434121e-18  1.5763712e+02]
reg1e-07noiseFalsemaxint1.0prbshift8ntheta384gaussian44500
