2 [1.e-08 1.e-09]
max data =  276.12216
[2.5567840e+06 1.2966976e+00 5.6212048e+02 4.8737988e+02 7.1995863e-14
 2.3951294e-20 2.5578348e+06]
reg1e-08noiseTruemaxint0.01prbshift8ntheta384poisson44500
[1.6005963e+03 5.6344593e-01 3.2214601e+00 2.2211611e+00 4.3410510e-14
 1.0017344e-20 1.6066023e+03]
reg1e-08noiseTruemaxint0.01prbshift8ntheta384gaussian44500
[2.5557952e+06 4.2774430e-01 4.9917441e+02 4.8891479e+02 9.1124249e-16
 1.1858283e-22 2.5567838e+06]
reg1e-09noiseTruemaxint0.01prbshift8ntheta384poisson44500
[1.0727704e+08 7.9308176e-01 1.4620698e+15 1.7040918e+13 2.7745764e-14
 4.0792333e-22 1.4791109e+15]
reg1e-09noiseTruemaxint0.01prbshift8ntheta384gaussian44500
max data =  276.1223
[2.5651560e+06 1.9521447e+00 1.8221995e+00 2.0985577e+00 2.7656599e-13
 1.4757949e-20 2.5651618e+06]
reg1e-08noiseFalsemaxint0.01prbshift8ntheta384poisson44500
[ 1.11154007e+02  1.72601068e+00 -7.21568346e-01  1.92334235e+00
  1.13428537e-11  8.49058196e-19  1.14081795e+02]
reg1e-08noiseFalsemaxint0.01prbshift8ntheta384gaussian44500
[2.5650170e+06 5.8334810e-01 3.0079877e-01 3.4162301e-01 1.3934362e-15
 4.7766900e-23 2.5650182e+06]
reg1e-09noiseFalsemaxint0.01prbshift8ntheta384poisson44500
[ 4.0450497e+01  2.6813442e-01 -2.0557668e-02  2.4158180e-02
  8.1377362e-16  5.9366895e-23  4.0722233e+01]
reg1e-09noiseFalsemaxint0.01prbshift8ntheta384gaussian44500
max data =  2761.222
[2.5635752e+06 1.5464909e+00 6.8745155e+01 7.3414757e+01 8.0185580e-14
 1.2889023e-20 2.5637190e+06]
reg1e-08noiseTruemaxint0.1prbshift8ntheta384poisson44500
[7.4364630e+02 9.8003399e-01 2.1214774e-01 3.0290619e-01 7.0029821e-15
 7.9512630e-22 7.4514142e+02]
reg1e-08noiseTruemaxint0.1prbshift8ntheta384gaussian44500
[2.5630048e+06 3.0244046e-01 4.2708839e+01 4.5984127e+01 2.2424213e-16
 2.9128629e-23 2.5630938e+06]
reg1e-09noiseTruemaxint0.1prbshift8ntheta384poisson44500
[7.4095117e+02 3.7266129e-01 2.9585853e-02 1.0437065e-01 1.5661171e-16
 7.8524713e-24 7.4145782e+02]
reg1e-09noiseTruemaxint0.1prbshift8ntheta384gaussian44500
max data =  2761.223
[2.5646960e+06 9.8075914e-01 2.2040637e+00 2.5396345e+00 1.9277153e-13
 3.5133627e-20 2.5647018e+06]
reg1e-08noiseFalsemaxint0.1prbshift8ntheta384poisson44500
[5.8225204e+01 8.9151102e-01 3.4814644e-01 4.8067936e-01 7.2802943e-14
 1.1298624e-20 5.9945538e+01]
reg1e-08noiseFalsemaxint0.1prbshift8ntheta384gaussian44500
[2.5645062e+06 2.8995892e-01 2.9164317e-01 3.5076624e-01 2.9400691e-15
 2.0187635e-22 2.5645072e+06]
reg1e-09noiseFalsemaxint0.1prbshift8ntheta384poisson44500
[ 3.7664089e+01  2.7653039e-01 -6.7768432e-02  1.9770470e-02
  2.4473382e-15  1.7129355e-22  3.7892620e+01]
reg1e-09noiseFalsemaxint0.1prbshift8ntheta384gaussian44500
max data =  27612.238
[2.5651590e+06 1.0169988e+00 7.1750727e+00 7.1823020e+00 2.4396468e-13
 3.8514912e-20 2.5651745e+06]
reg1e-08noiseTruemaxint1.0prbshift8ntheta384poisson44500
[ 3.3840143e+02  3.4661584e+00 -8.2076646e-02  7.5351894e-02
  2.8897316e-13  1.2313040e-20  3.4186087e+02]
reg1e-08noiseTruemaxint1.0prbshift8ntheta384gaussian44500
[2.5650478e+06 3.7427279e-01 4.0737381e+00 4.1756377e+00 1.1830642e-16
 1.0187726e-23 2.5650562e+06]
reg1e-09noiseTruemaxint1.0prbshift8ntheta384poisson44500
[ 3.3318185e+02  3.2677054e-01 -2.5364643e-01  2.1899940e-02
  3.1966092e-16  2.2880644e-23  3.3327689e+02]
reg1e-09noiseTruemaxint1.0prbshift8ntheta384gaussian44500
max data =  27612.275
[2.5641988e+06 1.9577229e+00 2.9253755e+00 2.9034212e+00 1.0570379e-13
 7.5884249e-21 2.5642065e+06]
reg1e-08noiseFalsemaxint1.0prbshift8ntheta384poisson44500
[8.3937065e+01 1.7831070e+00 2.5413628e+00 3.7387705e+00 8.8934882e-14
 8.7366429e-21 9.2000305e+01]
reg1e-08noiseFalsemaxint1.0prbshift8ntheta384gaussian44500
[2.5640145e+06 5.8956456e-01 2.7876246e-01 3.3130309e-01 2.4414314e-15
 8.2108177e-23 2.5640158e+06]
reg1e-09noiseFalsemaxint1.0prbshift8ntheta384poisson44500
[5.6772751e+01 2.6306519e-01 7.5499132e-02 3.0360246e-01 7.4754562e-15
 4.5456326e-22 5.7414921e+01]
reg1e-09noiseFalsemaxint1.0prbshift8ntheta384gaussian44500
