3 [1.e-10 1.e-11]
max data =  276.1226
[2.5543672e+06 1.1521348e-01 3.7110980e+02 3.7425208e+02 5.5168814e-17
 2.8265377e-24 2.5551125e+06]
reg1e-10noiseTruemaxint0.01prbshift8ntheta384poisson44500
[nan nan nan nan nan nan nan]
reg1e-10noiseTruemaxint0.01prbshift8ntheta384gaussian44500
[2.5550290e+06 5.4063201e-02 3.8865570e+02 3.8724756e+02 3.4028241e-19
 3.3287172e-27 2.5558050e+06]
reg1e-11noiseTruemaxint0.01prbshift8ntheta384poisson44500
[nan nan nan nan nan nan nan]
reg1e-11noiseTruemaxint0.01prbshift8ntheta384gaussian44500
max data =  276.12234
[2.5671282e+06 8.4270351e-02 1.0910538e+01 9.2467766e+00 3.5142847e-18
 8.9252308e-26 2.5671485e+06]
reg1e-10noiseFalsemaxint0.01prbshift8ntheta384poisson44500
[1.16994820e+02 1.57586172e-01 1.83752990e+00 2.45011592e+00
 4.12451735e-16 5.31798865e-24 1.21440056e+02]
reg1e-10noiseFalsemaxint0.01prbshift8ntheta384gaussian44500
[2.5644568e+06 4.6012968e-02 6.8143010e-01 8.9368170e-01 5.1325900e-19
 2.6614208e-27 2.5644585e+06]
reg1e-11noiseFalsemaxint0.01prbshift8ntheta384poisson44500
[4.7908875e+01 2.1852588e-02 1.1703079e+00 2.0250590e+00 1.0099377e-17
 1.0350660e-25 5.1126095e+01]
reg1e-11noiseFalsemaxint0.01prbshift8ntheta384gaussian44500
max data =  2761.2178
[2.5633508e+06 1.7765275e-01 3.4007195e+01 3.4843060e+01 3.0120384e-18
 8.1097576e-26 2.5634198e+06]
reg1e-10noiseTruemaxint0.1prbshift8ntheta384poisson44500
[nan nan nan nan nan nan nan]
reg1e-10noiseTruemaxint0.1prbshift8ntheta384gaussian44500
[2.5632445e+06 4.7820181e-02 3.4430458e+01 3.5167320e+01 2.9570991e-19
 2.9856161e-27 2.5633142e+06]
reg1e-11noiseTruemaxint0.1prbshift8ntheta384poisson44500
[ 7.4020642e+02  3.1081293e-02 -4.5527276e-03  2.5779862e-02
  1.2898985e-19  1.3774769e-27  7.4025873e+02]
reg1e-11noiseTruemaxint0.1prbshift8ntheta384gaussian44500
max data =  2761.221
[2.5648520e+06 8.3092459e-02 9.4516253e-01 1.1263126e+00 3.1069433e-17
 7.8210160e-25 2.5648542e+06]
reg1e-10noiseFalsemaxint0.1prbshift8ntheta384poisson44500
[ 5.3065536e+01  7.8549199e-02 -2.3660494e-01  7.9158686e-02
  5.7447899e-17  1.5298887e-24  5.2986637e+01]
reg1e-10noiseFalsemaxint0.1prbshift8ntheta384gaussian44500
[2.5647458e+06 2.4246152e-02 3.1184584e-01 3.5815260e-01 5.6817098e-19
 5.6358746e-27 2.5647465e+06]
reg1e-11noiseFalsemaxint0.1prbshift8ntheta384poisson44500
[ 4.7994236e+01  2.2172386e-02 -2.3971215e-01  1.4412001e-01
  7.3201260e-19  7.6195674e-27  4.7920818e+01]
reg1e-11noiseFalsemaxint0.1prbshift8ntheta384gaussian44500
max data =  27612.238
[2.56456700e+06 1.15934566e-01 3.73886514e+00 3.42423415e+00
 3.65942842e-18 8.96883820e-26 2.56457425e+06]
reg1e-10noiseTruemaxint1.0prbshift8ntheta384poisson44500
[ 3.3310620e+02  9.4747111e-02 -9.1853276e-02  1.7689960e-02
  2.3051512e-18  4.6725674e-26  3.3312677e+02]
reg1e-10noiseTruemaxint1.0prbshift8ntheta384gaussian44500
[2.5687815e+06 2.5156595e-02 4.1491154e+01 4.5202526e+01 3.4266071e-19
 3.5471446e-27 2.5688682e+06]
reg1e-11noiseTruemaxint1.0prbshift8ntheta384poisson44500
[ 3.32522156e+02  2.59205084e-02 -8.33011568e-02  1.13099806e-01
  4.35270658e-19  4.85591650e-27  3.32577850e+02]
reg1e-11noiseTruemaxint1.0prbshift8ntheta384gaussian44500
max data =  27612.201
[nan nan nan nan nan nan nan]
reg1e-10noiseFalsemaxint1.0prbshift8ntheta384poisson44500
[6.2185215e+01 7.8102790e-02 4.9407974e-02 2.2370809e-01 1.4814740e-17
 3.8091374e-25 6.2536434e+01]
reg1e-10noiseFalsemaxint1.0prbshift8ntheta384gaussian44500
[2.5646118e+06 2.4100598e-02 2.4122968e-01 2.8555086e-01 3.4051503e-19
 3.5740726e-27 2.5646122e+06]
reg1e-11noiseFalsemaxint1.0prbshift8ntheta384poisson44500
[ 4.8783928e+01  2.1968486e-02 -1.5976021e-01  6.7741158e-03
  2.6680026e-18  2.7732393e-26  4.8652912e+01]
reg1e-11noiseFalsemaxint1.0prbshift8ntheta384gaussian44500
